0 32
1 24
2 61
3 46
4 34
5 66
6 131
7 196
8 5098
9 9850
10 633
11 8357
12 37612
13 5143
14 23051
15 1458
16 7049
17 13828
18 7658
19 10405
20 30369
21 11721
22 55294
23 14470
24 31874
25 41122
26 15307
27 55777
28 13834
29 35652
30 45365
31 37642
32 56120
33 19104
34 59106
35 35026
36 29220
37 33482
38 53101
39 35336
40 52417
41 20783
42 20627
43 34737
44 19727
45 19249
46 26611
47 12608
48 18550
49 28533
50 21192
51 29201
52 15714
53 23417
54 39278
55 21869
56 50847
57 19273
58 22186
59 51097
60 19074
61 43422
62 23342
63 28770
64 45416
65 20240
66 47763
67 29619
68 41684
69 47140
70 25283
71 60554
72 43761
73 74643
74 52562
75 39084
76 81905
77 62493
78 77480
79 70727
80 46742
81 84308
82 74542
83 75782
84 67294
85 44748
86 70308
87 62099
88 55187
89 52196
90 43069
91 57317
92 56248
93 66492
94 78939
95 84041
96 240407
97 148285
98 185173
99 396963
100 216894
101 371771
102 244605
103 280921
104 357930
105 261071
106 367941
107 284752
108 301111
109 335114
110 233985
111 285704
112 230221
113 213421
114 209550
115 173398
116 181778
117 148995
118 145126
119 133074
120 121959
121 128271
122 110412
123 118820
124 106234
125 95509
126 103839
127 96694
128 97967
129 88846
130 84685
131 102051
132 89994
133 103153
134 96094
135 106234
136 130755
137 125193
138 153238
139 134830
140 148435
141 212649
142 182627
143 247205
144 204403
145 213963
146 291680
147 236123
148 307029
149 244584
150 241263
151 335818
152 268519
153 352541
154 258612
155 265727
156 441726
157 284975
158 658892
159 294369
160 300362
161 685510
162 315126
163 603442
164 310542
165 320757
166 504081
167 340677
168 532727
169 351215
170 370766
171 648192
172 393857
173 682548
174 410993
175 441673
176 768721
177 473586
178 793525
179 472643
180 536505
181 894411
182 576480
183 947462
184 570340
185 648473
186 1069746
187 670613
188 1107178
189 628918
190 658795
191 1142222
192 671529
193 1055696
194 547514
195 508804
196 810073
197 413522
198 689316
199 311639
200 270536
201 444027
202 186095
203 378863
204 855119
205 93965
206 234761
207 67158
208 199484
209 55065
210 49254
211 137533
212 42259
213 99921
214 32329
215 28297
216 50983
217 25297
218 32220
219 20025
220 21627
221 21030
222 18037
223 19892
224 17299
225 17612
226 17472
227 15688
228 17542
229 15371
230 15484
231 18487
232 14712
233 17088
234 14552
235 15190
236 19971
237 14497
238 17493
239 14995
240 16211
241 22319
242 14142
243 23480
244 16886
245 18919
246 29819
247 18541
248 32864
249 22482
250 26231
251 48106
252 39580
253 197038
254 63720
255 2282017
