0 22
1 35
2 36
3 101
4 72
5 116
6 9666
7 751
8 5133
9 37997
10 1424
11 30228
12 1427
13 4913
14 13418
15 2046
16 13883
17 2911
18 7316
19 29909
20 31784
21 33889
22 32654
23 11688
24 23562
25 43215
26 29966
27 39080
28 13295
29 35850
30 30815
31 49379
32 35272
33 22168
34 52745
35 48257
36 60309
37 41982
38 28203
39 84278
40 24725
41 49195
42 33353
43 18344
44 47479
45 20112
46 28648
47 37265
48 29817
49 54282
50 22532
51 31290
52 46723
53 29903
54 37867
55 21514
56 31436
57 31431
58 29620
59 31254
60 19857
61 28086
62 19969
63 21475
64 24123
65 18501
66 40161
67 21205
68 44401
69 38568
70 27966
71 72040
72 27528
73 70893
74 59184
75 39602
76 102961
77 40925
78 75211
79 71672
80 50018
81 107849
82 44150
83 72080
84 65077
85 47813
86 78238
87 41076
88 54014
89 49941
90 45525
91 61319
92 42360
93 55294
94 54914
95 55998
96 83963
97 79667
98 226060
99 144720
100 161467
101 392239
102 225568
103 358853
104 255641
105 249166
106 397871
107 275458
108 364014
109 277496
110 249558
111 347727
112 241779
113 266061
114 227199
115 197684
116 228384
117 190491
118 187324
119 164619
120 147490
121 163295
122 133083
123 150390
124 125245
125 120410
126 146293
127 114117
128 126732
129 108009
130 105994
131 129672
132 114621
133 133318
134 112265
135 113707
136 167296
137 128662
138 189502
139 151837
140 142424
141 262549
142 183719
143 286814
144 193481
145 184622
146 356452
147 219752
148 328048
149 224548
150 205514
151 376986
152 230481
153 373562
154 244638
155 225168
156 479325
157 261864
158 686923
159 268685
160 253037
161 740233
162 287213
163 641196
164 297569
165 278853
166 573413
167 311036
168 548773
169 328343
170 310223
171 721875
172 366526
173 727478
174 388268
175 350323
176 858967
177 420178
178 830191
179 441537
180 400190
181 1020393
182 514221
183 987740
184 538216
185 472176
186 1270426
187 625108
188 1221736
189 619266
190 501171
191 1423323
192 628191
193 1185865
194 499702
195 391441
196 991339
197 395617
198 657316
199 233419
200 179078
201 1216642
202 121909
203 305897
204 66980
205 67952
206 230406
207 49777
208 183483
209 42211
210 41646
211 138071
212 29280
213 91280
214 24044
215 24212
216 49303
217 17499
218 28241
219 15024
220 15938
221 16952
222 13501
223 15121
224 12716
225 12516
226 13987
227 12430
228 13264
229 12790
230 13025
231 16186
232 13546
233 16050
234 14103
235 14649
236 19493
237 14553
238 18139
239 16298
240 17222
241 23253
242 15610
243 26500
244 17995
245 20372
246 30256
247 19035
248 34942
249 24407
250 29347
251 54521
252 46870
253 223562
254 70819
255 2198682
