0 234
1 131
2 209
3 9730
4 728
5 418
6 38247
7 1015
8 27229
9 1306
10 1151
11 20861
12 1835
13 12977
14 3571
15 3461
16 63727
17 5605
18 62300
19 7573
20 7152
21 64654
22 20989
23 63786
24 56855
25 15006
26 59904
27 99030
28 40346
29 101479
30 18883
31 37474
32 75975
33 34899
34 55269
35 19962
36 43233
37 56214
38 30824
39 63464
40 21832
41 20737
42 61388
43 26724
44 46396
45 23757
46 17631
47 37821
48 23563
49 29068
50 18664
51 15839
52 24716
53 20655
54 19769
55 17895
56 21498
57 17245
58 24248
59 19597
60 18750
61 25767
62 24144
63 39522
64 30347
65 23966
66 50842
67 39123
68 79095
69 60516
70 64328
71 273175
72 111252
73 230604
74 386397
75 199181
76 423517
77 216592
78 327509
79 353010
80 246133
81 392588
82 239461
83 306382
84 315968
85 223237
86 296994
87 199289
88 219173
89 207605
90 160773
91 192804
92 144951
93 156607
94 129820
95 111709
96 132534
97 101233
98 114733
99 90629
100 81327
101 114234
102 74897
103 129082
104 72628
105 69138
106 143671
107 68791
108 149032
109 69043
110 70903
111 142057
112 73378
113 129704
114 75288
115 78876
116 129743
117 82816
118 129691
119 89411
120 91741
121 140978
122 95129
123 144289
124 99653
125 100641
126 145899
127 100509
128 142753
129 100225
130 102449
131 154050
132 100326
133 168720
134 102398
135 105610
136 191032
137 106660
138 237550
139 108932
140 115850
141 292354
142 109324
143 362029
144 112003
145 125901
146 392935
147 122092
148 407547
149 122506
150 148990
151 437766
152 135578
153 447345
154 138028
155 171950
156 539766
157 158543
158 781781
159 158644
160 190458
161 812060
162 172110
163 747538
164 169279
165 203181
166 657620
167 181968
168 691863
169 187919
170 222701
171 837077
172 201739
173 941048
174 205216
175 254035
176 1051304
177 221678
178 1158472
179 211147
180 256635
181 1294578
182 214606
183 1401711
184 199214
185 234913
186 1608983
187 191793
188 1732968
189 171545
190 210445
191 1776188
192 161185
193 1651384
194 123312
195 165204
196 1348834
197 114172
198 1741866
199 72964
200 106509
201 683618
202 68632
203 427570
204 44273
205 53214
206 277798
207 34720
208 192493
209 29038
210 26059
211 136827
212 20237
213 86934
214 16006
215 14886
216 45485
217 13399
218 22498
219 13452
220 10967
221 14495
222 10774
223 11961
224 10652
225 10788
226 12536
227 11175
228 13022
229 11640
230 12385
231 15488
232 13299
233 14976
234 12603
235 14065
236 18768
237 14278
238 16577
239 14666
240 14788
241 21897
242 14382
243 21930
244 18855
245 17129
246 30893
247 17364
248 39375
249 23639
250 36577
251 54815
252 22239
253 192171
254 19470
255 2260399
