0 54
1 26
2 26
3 43
4 128
5 112
6 165
7 868
8 15002
9 1060
10 1020
11 45294
12 1555
13 26583
14 1395
15 1651
16 18287
17 2177
18 13686
19 2025
20 2530
21 31614
22 4369
23 34547
24 5607
25 30085
26 28427
27 31519
28 28799
29 7189
30 43134
31 45293
32 40445
33 32710
34 10886
35 30961
36 32024
37 17111
38 44821
39 11270
40 36153
41 35006
42 13888
43 51686
44 15265
45 26867
46 37794
47 38630
48 53161
49 55369
50 23277
51 52515
52 59430
53 62024
54 47173
55 20539
56 52379
57 34550
58 40863
59 24002
60 18650
61 46216
62 22982
63 42282
64 18983
65 19610
66 46063
67 22513
68 58120
69 20128
70 22955
71 70315
72 27538
73 85844
74 23880
75 30497
76 89619
77 38377
78 93759
79 32858
80 47161
81 104083
82 47859
83 86858
84 39443
85 49656
86 80755
87 57309
88 62856
89 38823
90 53099
91 59009
92 48204
93 55439
94 38308
95 44041
96 58996
97 46290
98 52831
99 39764
100 43989
101 56896
102 51990
103 67815
104 49460
105 45585
106 95883
107 54220
108 117563
109 46623
110 49858
111 102514
112 57296
113 81827
114 44743
115 51042
116 78539
117 53843
118 69386
119 51319
120 54724
121 79774
122 64348
123 86049
124 66506
125 80363
126 113842
127 107969
128 274951
129 143908
130 199289
131 409387
132 229706
133 385457
134 235870
135 280986
136 400445
137 300850
138 427983
139 307410
140 306365
141 462233
142 332239
143 466726
144 307633
145 306110
146 465020
147 344921
148 449885
149 287907
150 305156
151 443928
152 327600
153 441176
154 269835
155 286996
156 508871
157 313848
158 705988
159 266453
160 276550
161 732011
162 319955
163 649848
164 276356
165 289285
166 554061
167 350074
168 565835
169 302875
170 288612
171 680687
172 385445
173 739645
174 340774
175 331379
176 823570
177 488835
178 869346
179 394289
180 379159
181 981999
182 597021
183 1070057
184 457272
185 431832
186 1202780
187 695063
188 1277573
189 463917
190 507097
191 1321376
192 704616
193 1224244
194 343511
195 504441
196 987396
197 533307
198 721695
199 169912
200 345503
201 527308
202 244118
203 1100869
204 103563
205 165893
206 267235
207 98438
208 224305
209 61293
210 65431
211 165983
212 52432
213 113713
214 37498
215 40449
216 68174
217 32877
218 42897
219 28339
220 29479
221 33153
222 27519
223 28079
224 26611
225 24213
226 28831
227 23523
228 23937
229 22807
230 21497
231 25336
232 19490
233 21312
234 18385
235 17561
236 22181
237 15382
238 18762
239 15743
240 16726
241 22882
242 14158
243 23978
244 17351
245 18804
246 31078
247 19214
248 34598
249 25354
250 27526
251 51658
252 38964
253 202313
254 42705
255 2306469
